0	0.09071873416232164	0	0.09071873416232164	0	0.09071873416232164	0	0.09071873416232164	0	0.09071873416232164
1	0.15455125347229037	1	0.13577181605004165	1	0.13577181605004157	1	0.15455125347229007	1	0.17452922229453807
2	0.2222763301449563	2	0.18915509264427305	2	0.1891550926442729	2	0.2222763301449569	2	0.27886424159242273
3	0.28373902172625776	3	0.24460995612840442	3	0.24460995612840597	3	0.2837390217262583	3	0.37900134896558935
4	0.340400373219351	4	0.30078610328758776	4	0.30078610328758876	4	0.34040037321935	4	0.46945767628392715
5	0.3930849866054493	5	0.3565033761990328	5	0.3565033761990328	5	0.39308498660544977	5	0.54889531071657
6	0.44208494581836155	6	0.41084437098457227	6	0.41084437098457316	6	0.44208494581836066	6	0.6175837131731233
7	0.48752059862339314	7	0.4631266965758603	7	0.46312669657586364	7	0.48752059862339114	7	0.6764312554722299
8	0.529497015038037	8	0.5128637888520451	8	0.5128637888520476	8	0.5294970150380398	8	0.7265595130277445
9	0.5681485472859213	9	0.5597291780385327	9	0.5597291780385273	9	0.5681485472859247	9	0.7691055070056938
10	0.603641976709475	10	0.6035257020691346	10	0.6035257020691349	10	0.6036419767094715	10	0.8051321361665373
11	0.6361676656306688	11	0.6441593371791056	11	0.6441593371791047	11	0.6361676656306692	11	0.8355926197475718
12	0.6659290989546472	12	0.6816171108203395	12	0.681617110820341	12	0.6659290989546458	12	0.8613219376002907
13	0.693133978981292	13	0.7159485800149784	13	0.7159485800149766	13	0.6931339789812887	13	0.8830412655307636
14	0.7179875118693861	14	0.7472504054423224	14	0.7472504054423216	14	0.7179875118693871	14	0.9013680767002811
15	0.7406877044009474	15	0.7756536001791671	15	0.77565360017917	15	0.7406877044009456	15	0.9168281658979264
16	0.7614222976542159	16	0.8013130779815361	16	0.8013130779815376	16	0.761422297654216	16	0.9298676983248589
17	0.7803669528757066	17	0.8243991686301048	17	0.8243991686301023	17	0.7803669528757048	17	0.9408644223472933
18	0.7976843623199737	18	0.8450908070495693	18	0.8450908070495667	18	0.7976843623199694	18	0.9501376921013925
19	0.8135240230008433	19	0.8635701386843193	19	0.8635701386843193	19	0.8135240230008448	19	0.9579572409901109
20	0.8280224702117447	20	0.8800183160619544	20	0.8800183160619587	20	0.8280224702117415	20	0.9645507557850539
21	0.8413038163713427	21	0.8946122911615979	21	0.894612291161596	21	0.8413038163713451	21	0.970110356011317
22	0.8534804801047831	22	0.9075224324211497	22	0.9075224324211474	22	0.8534804801047814	22	0.9747981023144363
23	0.8646540248591741	23	0.9189108226436634	23	0.9189108226436669	23	0.8646540248591738	23	0.978750678812968
24	0.8749160383314635	24	0.9289301113811008	24	0.9289301113811029	24	0.8749160383314658	24	0.9820833651687201
25	0.8843490171807699	25	0.9377228147814789	25	0.9377228147814805	25	0.8843490171807703	25	0.9848933716715904
26	0.8930272261305731	26	0.9454209724683469	26	0.9454209724683426	26	0.8930272261305657	26	0.9872626660338584
27	0.9010175127475003	27	0.95214608496211	27	0.9521460849621084	27	0.9010175127474943	27	0.989260365839631
28	0.908380066870682	28	0.9580092676056312	28	0.9580092676056293	28	0.9083800668706775	28	0.9909447505658167
29	0.9151691190965222	29	0.9631115679275689	29	0.9631115679275659	29	0.9151691190965197	29	0.9923649594973353
30	0.9214335763256847	30	0.9675444011319067	30	0.9675444011319053	30	0.9214335763256766	30	0.9935624230118728
31	0.9272175949793461	31	0.9713900693930979	31	0.9713900693930992	31	0.9272175949793389	31	0.994572076941851
32	0.9325610988897134	32	0.9747223344025089	32	0.9747223344025101	32	0.9325610988897097	32	0.9954233780402085
33	0.9375002364864558	33	0.977607019945691	33	0.9776070199456937	33	0.9375002364864525	33	0.9961411622298085
34	0.9420677891205246	34	0.9801026259041115	34	0.9801026259041066	34	0.9420677891205267	34	0.9967463678144655
35	0.9462935330371309	35	0.9822609391772181	35	0.9822609391772181	35	0.9462935330371246	35	0.9972566528498219
36	0.9502045593705869	36	0.9841276301837709	36	0.9841276301837661	36	0.9502045593705856	36	0.9976869056792261
37	0.953825556635232	37	0.9857428276293478	37	0.9857428276293467	37	0.9538255566352282	37	0.9980496781142322
38	0.9571790599188408	38	0.9871416650302263	38	0.9871416650302198	38	0.9571790599188397	38	0.9983555514061951
39	0.9602856702709458	39	0.9883547942455602	39	0.988354794245559	39	0.9602856702709388	39	0.9986134513347057
40	0.9631642481042861	40	0.9894088650699806	40	0.9894088650699779	40	0.9631642481042896	40	0.9988309031548425
41	0.9658320874326336	41	0.9903269689614919	41	0.9903269689614939	41	0.9658320874326296	41	0.9990142495724617
42	0.96830506471342	42	0.9911290468138215	42	0.9911290468138215	42	0.9683050647134195	42	0.9991688378200266
43	0.970597772911205	43	0.99183226131586	43	0.9918322613158611	43	0.9705977729111988	43	0.9992991768253796
44	0.9727236404872652	44	0.9924513349972217	44	0.9924513349972217	44	0.972723640487258	44	0.9994090703635384
45	0.9746950371244677	45	0.9929988554667893	45	0.9929988554667877	45	0.9746950371244623	45	0.9995017281896166
46	0.9765233679074425	46	0.9934855491282777	46	0.9934855491282807	46	0.9765233679074441	46	0.9995798535340235
47	0.9782191574432411	47	0.9939205270393828	47	0.9939205270393822	47	0.9782191574432437	47	0.9996457241059845
48	0.9797921244780818	48	0.9943115035811053	48	0.9943115035811064	48	0.9797921244780825	48	0.9997012642787796
49	0.9812512499274045	49	0.9946649890564343	49	0.9946649890564314	49	0.9812512499274025	49	0.9997480948904607
50	0.9826048402611937	50	0.9949864603868913	50	0.9949864603868913	50	0.9826048402611961	50	0.9997875794592491
51	0.9838605799117366	51	0.9952805110178965	51	0.9952805110178998	51	0.9838605799117339	51	0.9998208718746029
52	0.9850255812885883	52	0.995550982087137	52	0.9955509820871374	52	0.9850255812885879	52	0.9998489443809341
53	0.9861064301011101	53	0.995801076733735	53	0.9958010767337374	53	0.9861064301011105	53	0.999872613496389
54	0.9871092265317098	54	0.9960334593102663	54	0.9960334593102645	54	0.9871092265317116	54	0.9998925709319131
55	0.9880396227462702	55	0.9962503411395544	55	0.9962503411395552	55	0.9880396227462702	55	0.9999093999549905
56	0.9889028571531856	56	0.9964535536836153	56	0.9964535536836193	56	0.9889028571531813	56	0.9999235899655118
57	0.9897037843976311	57	0.9966446127504041	57	0.9966446127504005	57	0.9897037843976313	57	0.9999355554102524
58	0.9904469064139654	58	0.9968247729599095	58	0.9968247729599086	58	0.9904469064139658	58	0.999945656059432
59	0.9911363994224792	59	0.9969950727375984	59	0.9969950727375974	59	0.9911363994224804	59	0.9999541836131642
60	0.9917761361300316	60	0.9971563732153106	60	0.9971563732153159	60	0.9917761361300327	60	0.9999613796005968
61	0.9923697083991613	61	0.9973093908975914	61	0.9973093908975925	61	0.9923697083991571	61	0.9999674538320119
62	0.9929204480041462	62	0.9974547250074202	62	0.9974547250074206	62	0.9929204480041477	62	0.9999725783366747
63	0.9934314457310995	63	0.9975928802554734	63	0.9975928802554761	63	0.9934314457310969	63	0.9999769022101631
64	0.9939055689948529	64	0.9977242856879406	64	0.9977242856879408	64	0.9939055689948534	64	0.999980552262622
65	0.9943454780742201	65	0.997849310192066	65	0.9978493101920691	65	0.9943454780742208	65	0.9999836327395032
66	0.9947536390440601	66	0.9979682742169617	66	0.9979682742169683	66	0.9947536390440603	66	0.9999862307007028
67	0.9951323426627728	67	0.9980814617789059	67	0.998081461778903	67	0.995132342662766	67	0.9999884151210076
68	0.9954837149056501	68	0.9981891284212747	68	0.998189128421276	68	0.9954837149056475	68	0.9999902493088654
69	0.9958097279909276	69	0.9982915071301035	69	0.9982915071301033	69	0.995809727990928	69	0.9999917891161674
70	0.9961122116829	70	0.9983888135798245	70	0.9983888135798273	70	0.996112211682895	70	0.9999930828793809
71	0.9963928636850069	71	0.9984812501575303	71	0.9984812501575305	71	0.9963928636850014	71	0.9999941710669591
72	0.996653259219094	72	0.9985690090378077	72	0.998569009037811	72	0.9966532592190909	72	0.999995087081809
73	0.9968948598825269	73	0.9986522744896038	73	0.9986522744896016	73	0.9968948598825216	73	0.9999958585959271
74	0.9971190213560344	74	0.9987312245655265	74	0.9987312245655272	74	0.9971190213560326	74	0.9999965086476355
75	0.9973269996262454	75	0.9988060322803729	75	0.9988060322803756	75	0.9973269996262463	75	0.9999970564951006
76	0.9975199636742611	76	0.9988768652783023	76	0.9988768652783043	76	0.9975199636742662	76	0.9999975182828652
77	0.9976989978921419	77	0.9989438887913352	77	0.998943888791337	77	0.9976989978921438	77	0.99999790757166
78	0.9978651080511703	78	0.9990072649279427	78	0.9990072649279453	78	0.9978651080511686	78	0.9999982357667588
79	0.9980192271580125	79	0.9990671523886197	79	0.9990671523886219	79	0.9980192271580125	79	0.9999985124688554
80	0.9981622208035182	80	0.9991237065259169	80	0.999123706525916	80	0.9981622208035196	80	0.9999987457641948
81	0.9982948920705224	81	0.9991770792716488	81	0.9991770792716501	81	0.9982948920705224	81	0.9999989424660187
82	0.9984179860633191	82	0.9992274190072988	82	0.9992274190073017	82	0.9984179860633167	82	0.99999910831638
83	0.9985321925312972	83	0.9992748704045297	83	0.9992748704045272	83	0.9985321925312944	83	0.9999992481553531
84	0.9986381513473009	84	0.9993195742544866	84	0.9993195742544857	84	0.9986381513473032	84	0.9999993660631364
85	0.9987364594542414	85	0.9993616672255766	85	0.9993616672255784	85	0.9987364594542418	85	0.9999994654796142
86	0.9988276699821774	86	0.9994012804656062	86	0.9994012804656055	86	0.998827669982177	86	0.9999995493049522
87	0.9989122957468672	87	0.9994385424529362	87	0.9994385424529366	87	0.998912295746867	87	0.9999996199843665
88	0.9989908123480624	88	0.9994735773296095	88	0.9994735773296091	88	0.9989908123480653	88	0.9999996795795382
89	0.9990636609504774	89	0.9995065045838128	89	0.9995065045838117	89	0.9990636609504812	89	0.9999997298287742
90	0.9991312508135746	90	0.9995374390445951	90	0.9995374390445965	90	0.9991312508135743	90	0.9999997721977628
91	0.9991939616028572	91	0.9995664908621299	91	0.9995664908621288	91	0.999193961602853	91	0.9999998079223164
92	0.9992521421982307	92	0.9995937655096331	92	0.9995937655096346	92	0.9992521421982251	92	0.9999998380444409
93	0.9993061211987633	93	0.9996193638088133	93	0.9996193638088084	93	0.9993061211987591	93	0.9999998634427352
94	0.9993562050999795	94	0.9996433819773896	94	0.9996433819773864	94	0.9993562050999772	94	0.9999998848579978
95	0.9994026738727522	95	0.9996659115515171	95	0.9996659115515157	95	0.9994026738727537	95	0.9999999029148613
96	0.9994457888261928	96	0.999687038169572	96	0.9996870381695727	96	0.9994457888261937	96	0.9999999181400018
97	0.9994857893071026	97	0.9997068451373295	97	0.9997068451373298	97	0.9994857893071013	97	0.9999999309774971
98	0.9995229000467774	98	0.9997254115355685	98	0.9997254115355645	98	0.9995229000467909	98	0.9999999418017842
99	0.9995573302073137	99	0.9997428122156435	99	0.999742812215642	99	0.9995573302073384	99	0.9999999509285759
100	0.9995892712203959	100	0.9997591179855847	100	0.9997591179855825	100	0.9995892712204312	100	0.9999999586240842